900	2487.564081
899	2498.342274
898	2514.05027
897	2521.917925
896	2531.765338
895	2544.588376
894	2552.491538
893	2562.383451
892	2574.272813
891	2585.189724
890	2592.146004
889	2601.100285
888	2607.076376
887	2616.050393
886	2622.039671
885	2629.033849
884	2635.034602
883	2639.038055
882	2645.047665
881	2650.059742
880	2653.068767
879	2658.086774
878	2662.103854
877	2663.108495
876	2668.133935
875	2670.145154
874	2669.13947
873	2669.13947
872	2672.156969
871	2671.150987
870	2672.156969
869	2671.150987
868	2668.133935
867	2664.113286
866	2663.108495
865	2663.108495
864	2659.090821
863	2658.086774
862	2654.072071
861	2645.047665
860	2618.046232
859	2607.076376
858	2597.119146
857	2560.403915
856	2535.708308
855	2506.191727
854	2495.401069
853	2477.780556
852	2485.606247
851	2463.131667
850	2450.461492
849	2452.40921
848	2420.343125
847	2400.982623
846	2395.185227
845	2380.71337
844	2367.234092
843	2346.106319
842	2338.439772
841	2331.738642
840	2310.720924
839	2285.015108
838	2266.036348
837	2249.946031
836	2241.443049
835	2229.179743
834	2207.537268
833	2185.027167
832	2178.475762
831	2163.52483
830	2145.813278
829	2128.147833
828	2114.233842
827	2104.973672
826	2080.034151
825	2065.298312
824	2052.43065
823	2033.174793
822	2013.973422
821	1998.469152
820	1977.549012
819	1965.753052
818	1948.549604
817	1922.375509
816	1910.674986
815	1896.301984
814	1878.378436
813	1864.966775
812	1852.473095
811	1845.344163
810	1839.112485
809	1823.1144
808	1812.469925
807	1800.957222
806	1796.534455
805	1783.283423
804	1777.990247
803	1773.582419
802	1769.177452
801	1763.895264
800	1759.496579
799	1756.858735
798	1761.25571
797	1766.535844
796	1770.058217
795	1773.582419
794	1782.400941
793	1796.534455
792	1811.583639
791	1819.564386
790	1841.782504
789	1870.328259
788	1896.301984
787	1929.585871
786	1963.940107
785	2006.672882
784	2050.594403
783	2098.499064
782	2154.197198
781	2215.057259
780	2282.164908
779	2364.349156
778	2452.40921
777	2549.526774
776	2654.072071
775	2767.39144
774	2891.981543
773	3030.558816
772	3182.863437
771	3346.43875
770	3523.17241
769	3716.35637
768	3930.927774
767	4158.765614
766	4402.304686
765	4660.302618
764	4943.948163
763	5242.907366
762	5564.885777
761	5902.905891
760	6256.943891
759	6630.474769
758	7021.949883
757	7435.369116
756	7851.835354
755	8281.731102
754	8721.059754
753	9161.953169
752	9602.695081
751	10044.18347
750	10471.80434
749	10897.6973
748	11319.66112
747	11712.18746
746	12084.37648
745	12439.86775
744	12770.31401
743	13075.60352
742	13356.30615
741	13613.71431
740	13849.85701
739	14072.88629
738	14264.51241
737	14438.87873
736	14588.65742
735	14741.81681
734	14868.09682
733	14978.23929
732	15083.93037
731	15172.22336
730	15242.41144
729	15319.81743
728	15378.45693
727	15437.60758
726	15490.62232
725	15544.05449
724	15591.15529
723	15638.58529
722	15672.66799
721	15713.79449
720	15755.17176
719	15789.8466
718	15831.69165
717	15866.76073
716	15902.01198
715	15930.34543
714	15958.79768
713	15994.53158
712	16030.45464
711	16066.56889
710	16102.87637
709	16146.70333
708	16183.44328
707	16220.38322
706	16250.08065
705	16294.87191
704	16324.89785
703	16370.18735
702	16415.78115
701	16454.0114
700	16507.89819
699	16546.65244
698	16585.62929
697	16640.57576
696	16688.02946
695	16735.81734
694	16783.94415
693	16824.31221
692	16881.234
691	16938.63732
690	16988.22963
689	17038.18704
688	17088.51497
687	17147.70657
686	17198.85645
685	17267.66161
684	17319.72722
683	17372.19541
682	17433.92547
681	17496.22225
680	17550.0785
679	17622.55824
678	17686.61935
677	17742.01436
676	17816.5849
675	17882.51319
674	17949.0883
673	18025.98262
672	18093.98743
671	18172.55098
670	18242.04824
669	18312.26462
668	18383.21517
667	18475.5411
666	18527.38132
665	18621.70355
664	18695.98257
663	18771.08366
662	18857.94375
661	18945.93009
660	19035.07227
659	19114.044
658	19205.43732
657	19286.42883
656	19368.3987
655	19475.2647
654	19559.56208
653	19657.20191
652	19756.26719
651	19856.80016
650	19958.84496
649	20049.41057
648	20154.41617
647	20261.07222
646	20355.79152
645	20465.68625
644	20577.39003
643	20690.96341
642	20791.92374
641	20909.17679
640	21028.49153
639	21134.64109
638	21258.02361
637	21383.69111
636	21495.59225
635	21609.36967
634	21741.78073
633	21876.827
632	21979.9052
631	22119.82462
630	22262.68992
629	22390.21303
628	22520.17859
627	22671.82403
626	22807.35196
625	22925.71283
624	23086.80885
623	23251.82248
622	23378.27058
621	23528.83447
620	23682.81501
619	23840.37087
618	24001.67205
617	24166.90094
616	24336.25361
615	24484.85483
614	24662.43864
613	24818.44209
612	24978.11655
611	25169.27993
610	25337.5328
609	25510.06373
608	25687.09598
607	25868.87072
606	26055.64906
605	26247.71428
604	26445.37441
603	26614.6064
602	26823.4183
601	27038.86025
600	27223.77227
599	27452.53049
598	27649.2356
597	27893.06487
596	28103.16993
595	28276.06722
594	28543.96456
593	28775.58606
592	28966.74944
591	29213.53487
590	29469.63512
589	29681.71023
588	29956.47859
587	30184.59591
586	30420.64932
585	30665.21097
584	30918.9172
583	31182.47853
582	31456.69165
581	31742.45393
580	31964.96079
579	32273.4617
578	32514.40481
577	32764.21895
576	33112.28762
575	33385.58031
574	33670.34312
573	33967.58121
572	34278.43791
571	34604.22133
570	34946.4376
569	35306.83298
568	35558.18954
567	35953.59368
566	36230.60567
565	36519.40888
564	36977.05538
563	37300.25224
562	37639.61552
561	37996.84806
560	38373.93681
559	38773.21969
558	39197.47353
557	39650.03128
556	39888.15576
555	40391.04144
554	40657.18736
553	41223.00256
552	41524.64561
551	41840.32352
550	42519.47499
549	42886.36711
548	43274.2356
547	43685.62527
546	44123.57408
545	44591.74944
544	45094.63512
543	45637.79303
542	46228.23929
541	46228.23929
540	46875
539	47589.96079
538	47589.96079
537	48389.21895
536	49295.34312
535	49295.34312
534	50341.38671
533	50341.38671
532	50341.38671
531	51578.59368
530	51578.59368
529	53092.81264
528	53092.81264
527	53092.81264
526	55044.9804
525	55044.9804
524	55044.9804
523	55044.9804
522	57796.40632
521	57796.40632
520	57796.40632
519	57796.40632
518	57796.40632
517	57796.40632
516	62500
515	62500
514	62500
513	62500
512	62500
511	62500
510	62500
509	62500
508	62500
507	62500
506	62500
505	62500
504	62500
503	62500
502	62500
501	62500
500	62500
499	62500
498	62500
497	62500
496	62500
495	62500
494	62500
493	62500
492	62500
491	62500
490	62500
489	62500
488	62500
487	62500
486	#NUM!
485	#NUM!
484	#NUM!
483	#NUM!
482	#NUM!
481	#NUM!
480	#NUM!
479	#NUM!
478	#NUM!
477	#NUM!
476	#NUM!
475	#NUM!
474	#NUM!
473	#NUM!
472	#NUM!
471	#NUM!
470	#NUM!
469	#NUM!
468	#NUM!
467	#NUM!
466	#NUM!
465	#NUM!
464	#NUM!
463	#NUM!
462	#NUM!
461	#NUM!
460	#NUM!
459	#NUM!
